\chapter{Cross-Section Tabulated Values}
\label{ch:xsec_values}

This appendix shows tabulated values for the extracted cross sections. Table~\ref{tab:xsec_mumom} and~\ref{tab:xsec_muangle} show the measured $\nu_\mu$ \acrshort{cc} flux-integrated differential cross section (per nucleon) in muon momentum $p_\mu$ and cosine of the muon angle $\cos\theta_\mu$, respectively.

\begin{table}[]
\caption[$\nu_\mu$ \acrshort{cc} Differential Cross Section in Muon Momentum]{Measured $\nu_\mu$ \acrshort{cc} flux-integrated differential cross section (per nucleon) in muon momentum $p_\mu$.}
\label{tab:xsec_mumom}
\centering
\begin{tabular}{ccc}
\toprule
Measurement Bin  & ${d\sigma}/{dp_\mu}$                & Total Uncertainty\\
$[p_\mu]$ [GeV]  & [$10^{-38} \text{cm}^2/\text{GeV}$] & [$10^{-38} \text{cm}^2/\text{GeV}$]\\
\midrule
$[0.00, 0.18)$ & $2.8 \times 10^{-2}$ & $5.9 \times 10^{-2}$\\
$[0.18, 0.30)$ & $7.3 \times 10^{-1}$ & $2.8 \times 10^{-1}$\\
$[0.30, 0.45)$ & $11.3 \times 10^{-1}$ & $3.0 \times 10^{-1}$\\
$[0.45, 0.77)$ & $8.1 \times 10^{-1}$ & $1.6 \times 10^{-1}$\\
$[0.77, 1.28)$ & $29.1 \times 10^{-2}$ & $6.1 \times 10^{-2}$\\
$[1.28, 2.50]$ & $1.8 \times 10^{-2}$ & $1.1 \times 10^{-2}$\\
\bottomrule
\end{tabular}
\end{table}

The total covariance matrix for the single differential cross section in $p_\mu$:
\begin{equation}
E_{ij} =
\begin{bmatrix}
$3.430e-03$  &  $1.388e-02$  &  $1.365e-02$  &  $5.067e-03$  &  $1.704e-03$  &  $3.894e-04$  &   \\
$1.388e-02$  &  $7.953e-02$  &  $7.805e-02$  &  $3.721e-02$  &  $1.350e-02$  &  $1.897e-03$  &   \\
$1.365e-02$  &  $7.805e-02$  &  $8.748e-02$  &  $4.311e-02$  &  $1.488e-02$  &  $2.076e-03$  &   \\
$5.067e-03$  &  $3.721e-02$  &  $4.311e-02$  &  $2.589e-02$  &  $9.439e-03$  &  $8.460e-04$  &   \\
$1.704e-03$  &  $1.350e-02$  &  $1.488e-02$  &  $9.439e-03$  &  $3.724e-03$  &  $3.041e-04$  &   \\
$3.894e-04$  &  $1.897e-03$  &  $2.076e-03$  &  $8.460e-04$  &  $3.041e-04$  &  $1.130e-04$  &   \\
\end{bmatrix}.
\end{equation}

\begin{table}[]
\caption[$\nu_\mu$ \acrshort{cc} Differential Cross Section in Muon Angle]{Measured $\nu_\mu$ \acrshort{cc} flux-integrated differential cross section (per nucleon) in cosine of the muon angle $\cos\theta_\mu$.}
\label{tab:xsec_muangle}
\centering
\begin{tabular}{ccc}
\toprule
Measurement Bin     & ${d\sigma}/{d\cos\theta_\mu}$ & Total Uncertainty\\
$[\cos\theta_\mu]$  & [$10^{-38} \text{cm}^2$]      & [$10^{-38} \text{cm}^2$]\\
\midrule
$[-1.00, -0.50)$ & $8.4 \times 10^{-2}$ & $5.7 \times 10^{-2}$\\
$[-0.50, 0.00)$ & $9.3 \times 10^{-2}$ & $4.9 \times 10^{-2}$\\
$[0.00, 0.27)$ & $1.8 \times 10^{-1}$ & $1.3 \times 10^{-1}$\\
$[0.27, 0.45)$ & $2.6 \times 10^{-1}$ & $1.3 \times 10^{-1}$\\
$[0.45, 0.62)$ & $4.5 \times 10^{-1}$ & $1.5 \times 10^{-1}$\\
$[0.62, 0.76)$ & $7.5 \times 10^{-1}$ & $1.7 \times 10^{-1}$\\
$[0.76, 0.86)$ & $10.8 \times 10^{-1}$ & $2.2 \times 10^{-1}$\\
$[0.86, 0.94)$ & $15.2 \times 10^{-1}$ & $2.4 \times 10^{-1}$\\
$[0.94, 1.00]$ & $16.9 \times 10^{-1}$ & $3.2 \times 10^{-1}$\\
\bottomrule
\end{tabular}
\end{table}




The total covariance matrix for the single differential cross section in $\cos\theta_\mu$:
\begin{equation}
\scriptsize
E_{ij} =
\begin{bmatrix}
$3.261e-03$  &  $1.671e-03$  &  $4.300e-03$  &  $3.436e-03$  &  $2.617e-03$  &  $2.669e-03$  &  $4.024e-03$  &  $5.576e-03$  &  $9.530e-03$  &   \\
$1.671e-03$  &  $2.432e-03$  &  $5.798e-03$  &  $5.931e-03$  &  $5.989e-03$  &  $6.671e-03$  &  $6.862e-03$  &  $7.531e-03$  &  $9.302e-03$  &   \\
$4.300e-03$  &  $5.798e-03$  &  $1.574e-02$  &  $1.525e-02$  &  $1.453e-02$  &  $1.511e-02$  &  $1.409e-02$  &  $1.509e-02$  &  $1.621e-02$  &   \\
$3.436e-03$  &  $5.931e-03$  &  $1.525e-02$  &  $1.589e-02$  &  $1.615e-02$  &  $1.746e-02$  &  $1.711e-02$  &  $1.846e-02$  &  $1.940e-02$  &   \\
$2.617e-03$  &  $5.989e-03$  &  $1.453e-02$  &  $1.615e-02$  &  $2.184e-02$  &  $2.463e-02$  &  $2.801e-02$  &  $2.735e-02$  &  $2.966e-02$  &   \\
$2.669e-03$  &  $6.671e-03$  &  $1.511e-02$  &  $1.746e-02$  &  $2.463e-02$  &  $2.977e-02$  &  $3.499e-02$  &  $3.539e-02$  &  $3.856e-02$  &   \\
$4.024e-03$  &  $6.862e-03$  &  $1.409e-02$  &  $1.711e-02$  &  $2.801e-02$  &  $3.499e-02$  &  $4.767e-02$  &  $4.811e-02$  &  $5.637e-02$  &   \\
$5.576e-03$  &  $7.531e-03$  &  $1.509e-02$  &  $1.846e-02$  &  $2.735e-02$  &  $3.539e-02$  &  $4.811e-02$  &  $5.617e-02$  &  $6.857e-02$  &   \\
$9.530e-03$  &  $9.302e-03$  &  $1.621e-02$  &  $1.940e-02$  &  $2.966e-02$  &  $3.856e-02$  &  $5.637e-02$  &  $6.857e-02$  &  $1.019e-01$  &   \\
\end{bmatrix}.
\normalsize
\end{equation}




The binning used for the measurement of the $\nu_\mu$ \acrshort{cc} flux-integrated double-differential cross section in cosine of the muon angle $\cos\theta_\mu$ and muon momentum $p_\mu$ is shown in Table~\ref{tab:xsec_meangle_mumom_binning}, and the cross section per bin is shown in Table~\ref{tab:xsec_meangle_mumom}.

\clearpage
\setlength{\footskip}{70pt}

\begin{table}[]
\caption[Double-Differential Cross-Section Binning]{Binning used for the measurement of the $\nu_\mu$ \acrshort{cc} flux-integrated double-differential cross section in cosine of the muon angle $\cos\theta_\mu$ and muon momentum $p_\mu$.}
\label{tab:xsec_meangle_mumom_binning}
\centering
\begin{tabular}{ccc}
\toprule
Bin Number & $\cos\theta_\mu$ Range & $p_\mu$ Range [GeV] \\
\midrule
1 & [-1.00,  -0.50) & [0.00,  0.18)\\
2 & [-1.00,  -0.50) & [0.18,  0.30)\\
3 & [-1.00,  -0.50) & [0.30,  0.45)\\
4 & [-1.00,  -0.50) & [0.45,  0.77)\\
5 & [-1.00,  -0.50) & [0.77,  2.50] \\
6 & [-0.50,  0.00) & [0.00,  0.18)\\
7 & [-0.50,  0.00) & [0.18,  0.30)\\
8 & [-0.50,  0.00) & [0.30,  0.45)\\
9 & [-0.50,  0.00) & [0.45,  0.77)\\
10 & [-0.50,  0.00) & [0.77,  2.50] \\
11 & [0.00,  0.27) & [0.00,  0.18) \\
12 & [0.00,  0.27) & [0.18,  0.30)\\
13 & [0.00,  0.27) & [0.30,  0.45)\\
14 & [0.00,  0.27) & [0.45,  0.77)\\
15 & [0.00,  0.27) & [0.77,  2.50]  \\
16 & [0.27,  0.45) & [0.00,  0.30)\\
17 & [0.27,  0.45) & [0.30,  0.45)\\
18 & [0.27,  0.45) & [0.45,  0.77)\\
19 & [0.27,  0.45) & [0.77,  2.50]  \\
20 & [0.45,  0.62) & [0.00,  0.3)\\
21 & [0.45,  0.62) & [0.30,  0.45)\\
22 & [0.45,  0.62) & [0.45,  0.77)\\
23 & [0.45,  0.62) & [0.77,  2.50] \\
24 & [0.62,  0.76) & [0.00,  0.30) \\
25 & [0.62,  0.76) & [0.30,  0.45)\\
26 & [0.62,  0.76) & [0.45,  0.77)\\
27 & [0.62,  0.76) & [0.77,  2.50] \\
28 & [0.76,  0.86) & [0.00,  0.30) \\
29 & [0.76,  0.86) & [0.30,  0.45)\\
30 & [0.76,  0.86) & [0.45,  0.77)\\
31 & [0.76,  0.86) & [0.77,  1.28)\\
32 & [0.76,  0.86) & [1.28,  2.50] \\
33 & [0.86,  0.94) & [0.00,  0.30)\\
34 & [0.86,  0.94) & [0.30,  0.45)\\
35 & [0.86,  0.94) & [0.45,  0.77)\\
36 & [0.86,  0.94) & [0.77,  1.28)\\
37 & [0.86,  0.94) & [1.28,  2.50] \\
38 & [0.94,  1.00] & [0.00,  0.30)\\
39 & [0.94,  1.00] & [0.30,  0.45)\\
40 & [0.94,  1.00] & [0.45,  0.77)\\
41 & [0.94,  1.00] & [0.77,  1.28)\\
42 & [0.94,  1.00] & [1.28,  2.50] \\
\bottomrule
\end{tabular}
\end{table}





\begin{table}[]
\caption[$\nu_\mu$ \acrshort{cc} Double-Differential Cross Section in Muon Momentum and Angle]{The measured $\nu_\mu$ \acrshort{cc} flux-integrated double-differential cross section (per nucleon) in cosine of the muon angle $\cos\theta_\mu$ and muon momentum $p_\mu$.}
\label{tab:xsec_meangle_mumom}
\centering
\begin{tabular}{ccc}
\toprule
Bin  & ${d^2\sigma}/{dp_\mu d\cos\theta_\mu}$ & Total Uncertainty\\
Number & [$10^{-38} \text{cm}^2/\text{GeV}$] & [$10^{-38} \text{cm}^2/\text{GeV}$]\\
\midrule
1 &  $3.8\times 10^{-2}$  &  $3.8\times 10^{-2}$ \\
2 &  $2.5\times 10^{-1}$  &  $1.5\times 10^{-1}$ \\
3 &  $2.2\times 10^{-1}$  &  $1.3\times 10^{-1}$ \\
4 &  $4.1\times 10^{-2}$  &  $3.6\times 10^{-2}$ \\
5 &  -$0.9\times 10^{-3}$  &  $2.9\times 10^{-3}$ \\
6 & $1.4\times 10^{-2}$  &  $3.3\times 10^{-2}$ \\
7 & $2.2\times 10^{-1}$  &  $1.3\times 10^{-1}$ \\
8 & $2.9\times 10^{-1}$  &  $1.3\times 10^{-1}$ \\
9 & $5.9\times 10^{-2}$  &  $3.4\times 10^{-2}$ \\
10 & -$0.2\times 10^{-3}$  &  $3.2\times 10^{-3}$ \\
11 & -$3.1\times 10^{-2}$  &  $7.5\times 10^{-2}$ \\
12 & $4.7\times 10^{-1}$  &  $2.7\times 10^{-1}$ \\
13 & $6.7\times 10^{-1}$  &  $2.8\times 10^{-1}$ \\
14 & $1.3\times 10^{-1}$  &  $0.8\times 10^{-1}$ \\
15 & -$1.1\times 10^{-2}$  &  $2.5\times 10^{-2}$ \\
16 & $2.1\times 10^{-1}$  &  $1.3\times 10^{-1}$ \\
17 & $7.8\times 10^{-1}$  &  $3.2\times 10^{-1}$ \\
18 & $3.5\times 10^{-1}$  &  $1.1\times 10^{-1}$ \\
19 & -$1.3\times 10^{-2}$  &  $2.4\times 10^{-2}$ \\
20 & $2.4\times 10^{-1}$  &  $1.2\times 10^{-1}$ \\
21 & $10.2\times 10^{-1}$  &  $3.1\times 10^{-1}$ \\
22 & $6.4\times 10^{-1}$  &  $1.7\times 10^{-1}$ \\
23 & $1.8\times 10^{-2}$  &  $1.8\times 10^{-2}$ \\
24 & $25.0\times 10^{-2}$  &  $7.9\times 10^{-2}$ \\
25 & $12.5\times 10^{-1}$  &  $2.7\times 10^{-1}$ \\
26 & $11.2\times 10^{-1}$  &  $2.6\times 10^{-1}$ \\
27 & $7.4\times 10^{-2}$  &  $2.2\times 10^{-2}$ \\
28 & $18.1\times 10^{-2}$  &  $7.5\times 10^{-2}$ \\
29 & $9.3\times 10^{-1}$  &  $2.6\times 10^{-1}$ \\
30 & $15.3\times 10^{-1}$  &  $2.8\times 10^{-1}$ \\
31 & $6.9\times 10^{-1}$  &  $1.5\times 10^{-1}$ \\
32 & $3.4\times 10^{-2}$  &  $1.8\times 10^{-2}$ \\
33 & $2.3\times 10^{-1}$  &  $1.1\times 10^{-1}$ \\
34 & $9.6\times 10^{-1}$  &  $2.5\times 10^{-1}$ \\
35 & $18.0\times 10^{-1}$  &  $2.9\times 10^{-1}$ \\
36 & $11.8\times 10^{-1}$  &  $1.8\times 10^{-1}$ \\
37 & $9.7\times 10^{-2}$  &  $1.8\times 10^{-2}$ \\
38 & $1.8\times 10^{-1}$  &  $1.3\times 10^{-1}$ \\
39 & $9.8\times 10^{-1}$  &  $3.2\times 10^{-1}$ \\
40 & $16.9\times 10^{-1}$  &  $3.3\times 10^{-1}$ \\
41 & $13.9\times 10^{-1}$  &  $2.7\times 10^{-1}$ \\
42 & $19.4\times 10^{-2}$  &  $4.5\times 10^{-2}$ \\
\bottomrule
\end{tabular}
\end{table}

\clearpage
\setlength{\footskip}{50pt}

